tree
version=v3
num_class=1
num_tree_per_iteration=1
label_index=0
max_feature_idx=9
objective=quantile
feature_names=sma_9 ema_9 atr_9 adx_9 cci_9 roc_9 rsi_9 wr_9 sk_9 sd_9
feature_infos=[-2.0515683613924978:2.3552047459405721] [-2.0754393074891393:2.3703447018878125] [-1.0510597942710838:22.562505185678123] [-5.24774139124938:0.31965491068532459] [-4.7492269973671162:5.1437439817129409] [-4.8646867511456673:5.2667212263492589] [-0.99979488185823784:1.0006019781399218] [-21.203739255067912:9.861289981948552] [-1.5040879168451065:1.5426737499182284] [-1.515442280558738:1.5543151932972852]
tree_sizes=833 1523 1024 1470 1633 1477 1645 1628 1519 1350 1588 1492 1518 1445 1625 1524

Tree=0
num_leaves=8
num_cat=0
split_feature=1 0 1 0 0 0 1
split_gain=6973.1 59.5703 54.7044 9.1867 8.75 9.09495e-13 9.09495e-13
threshold=1.4419372676201372 1.8184166468606791 1.723538192649148 1.7268897061031965 1.4429440783363894 2.2483219977432811 2.2295127483011181
decision_type=2 2 2 2 2 2 2
left_child=-1 2 4 -4 -2 6 -3
right_child=1 5 3 -5 -6 -7 -8
leaf_value=0.10023725686405668 0.13034845582633067 0.14058373311854666 0.13708402780844864 0.13570774718950815 0.13618433647276335 0.14144781282857366 0.14191777763771823
leaf_weight=102542 35 10428 33 1322 416 1372 492
leaf_count=102542 35 10428 33 1322 416 1372 492
internal_value=0.134304 0.214304 0.177981 0.156223 0.214304 0.214304 0.214304
internal_weight=0 14098 1806 1355 451 12292 10920
internal_count=116640 14098 1806 1355 451 12292 10920
is_linear=0
shrinkage=1


Tree=1
num_leaves=15
num_cat=0
split_feature=8 6 6 6 8 8 8 8 8 6 6 6 8 8
split_gain=23.1662 8.13343 7.34094 6.49638 22.1106 7.87968 5.56701 12.2267 23.527 10.0691 13.5957 7.82006 2.27543 0.342988
threshold=-0.74760026949524117 1.0006009735624439 1.000601818934755 -0.99977569612710082 -0.78462914127352545 -0.95574003810454233 0.27162796400267869 0.30698143591760957 0.29346309357226957 1.0004157960601474 1.0001463038717315 -0.99964761022836568 0.20695795517279106 -0.93432659596010137
decision_type=2 2 2 2 2 2 2 2 2 2 2 2 2 2
left_child=1 3 -3 4 -1 -5 9 8 -8 10 -2 -9 -11 -4
right_child=6 2 13 5 -6 -7 7 11 -10 12 -12 -13 -14 -15
leaf_value=0.0012171085763905876 -0.0041882100689963403 0.0032509858918814416 -0.019511192267671281 0.0009728822985428931 0.002663449540864349 -0.011330078055270859 -0.012762810418262233 -0.028500377872278479 0.0039875190311249751 -0.010802280350326328 0.0012383092325762846 -0.0012003260737401434 -0.027027564716529468 0.0045306394752856255
leaf_weight=24951 20277 29 25 6815 468 3070 837 1154 408 6937 3067 47555 1031 15.999999999999998
leaf_count=24951 20277 29 25 6815 468 3070 837 1154 408 6937 3067 47555 1031 16
internal_value=0 0.00332221 0.0714286 0.00318717 0.00487902 -0.00116338 -0.00280954 -0.00149898 0.0180723 -0.00490036 -0.00280501 -0.00199922 -0.0110392 -0.00536586
internal_weight=0 35374 70 35304 25419 9885 81266 49954 1245 31312 23344 48709 7968 41
internal_count=116640 35374 70 35304 25419 9885 81266 49954 1245 31312 23344 48709 7968 41
is_linear=0
shrinkage=0.2


Tree=2
num_leaves=10
num_cat=0
split_feature=0 0 0 6 0 0 6 0 0
split_gain=6592.92 45.0496 39.4934 22.3949 17.3934 4.06431 22.8391 9.09495e-13 1.13687e-13
threshold=1.3243515916863202 1.8818333857884331 1.7627842724524549 1.0006019637705454 1.7802527120910632 1.9587291645716838 1.0005747465897408 2.2034308020201236 1.2287907021000297
decision_type=2 2 2 2 2 2 2 2 2
left_child=8 2 3 -2 -4 6 -3 -7 -1
right_child=1 5 4 -5 -6 7 -8 -9 -10
leaf_value=-0.026939658556690976 0.002993772575966799 0.0039451123811759308 -0.00081009081378076171 0.00038233420917587358 0.0016096555474505283 0.0051787414040882166 0.0014709890806352656 0.0062831764963109139 -0.0028869578913431424
leaf_weight=101628 1120 1045 448 250 909 8162 339 2286 453
leaf_count=101628 1120 1045 448 250 909 8162 339 2286 453
internal_value=0 0.08 0.0542941 0.0782482 0.0301105 0.08 0.0691618 0.08 -0.02
internal_weight=0 14559 2727 1370 1357 11832 1384 10448 102081
internal_count=116640 14559 2727 1370 1357 11832 1384 10448 102081
is_linear=0
shrinkage=0.2


Tree=3
num_leaves=15
num_cat=0
split_feature=0 0 2 0 0 2 2 2 2 0 2 0 0 2
split_gain=5394.26 102.299 73.3908 58.5563 46.3767 29.6124 22.7734 12.2824 5.25 0.573647 0.613469 0.00221706 9.09495e-13 0.129032
threshold=1.3243515916863202 1.9587291645716838 0.046822847039740025 1.0276456775054872 1.8184166468606791 4.3256215385507035 1.1138910735789722 0.40147123530401002 5.9892521198616402 0.96105169663515322 0.15055020042024367 0.84726756828199945 2.2483219977432811 -0.55090109651861685
decision_type=2 2 2 2 2 2 2 2 2 2 2 2 2 2
left_child=3 2 4 9 -2 7 -4 -5 -7 11 -11 -1 -3 -14
right_child=1 12 6 5 -6 8 -8 -9 -10 10 -12 -13 13 -15
leaf_value=-0.022288271311406385 -0.00013767909233004629 0.0043511376831008603 0.0024897941024749921 -0.0015555341821964787 0.0016073149980466305 0.002399374425688747 0.0037834275493043678 0.0015427374782186762 -0.0029029585276401679 -0.00046250123058199369 -0.00091812228992201039 -0.0021828928755081608 0.0013388243972642213 0.0049637391801950134
leaf_weight=98428 1137 9076 1212 868 1441 115 321 1287 21 372 541 449 124 1248
leaf_count=98428 1137 9076 1212 868 1441 115 321 1287 21 372 541 449 124 1248
internal_value=0 0.08 0.0484505 -0.0192261 0.027789 0.0123876 0.08 0.00645011 0.08 -0.0199519 -0.0149617 -0.019998 0.08 0.08
internal_weight=0 14559 4111 102081 2578 2291 1533 2155 136 99790 913 98877 10448 1372
internal_count=116640 14559 4111 102081 2578 2291 1533 2155 136 99790 913 98877 10448 1372
is_linear=0
shrinkage=0.2


Tree=4
num_leaves=16
num_cat=0
split_feature=4 4 9 4 9 9 9 9 9 9 9 9 9 9 9
split_gain=65.1702 7.37238 5.08851 6.50959 4.25031 10.2541 18.7437 10.2409 4.92108 7.14603 2.67887 5.17085 2.35251 2.20228 2.11456
threshold=-0.31187035706726735 0.33386023841232609 1.4740309287185533 0.30682476706078504 1.0877722187529104 0.14413989361226612 0.18810247359062568 0.035813000502271007 1.4448448005606966 1.4973328910711328 0.91475246053276027 1.4298905509501314 1.2087038655352846 -1.1394550997715953 0.71023562543912944
decision_type=2 2 2 2 2 2 2 2 2 2 2 2 2 2 2
left_child=4 2 13 -4 5 7 -7 -1 12 -10 14 -12 -6 -2 -3
right_child=1 10 3 -5 8 6 -8 -9 9 -11 11 -13 -14 -15 -16
leaf_value=-8.1575173621073482e-05 -0.0040598216333190482 -0.0041369357492479558 8.1189537020015531e-05 0.0056333162393933656 -0.00091673093044641332 0.0029809206478545016 0.00071623443958207522 -0.011429651218449442 0.00082069008339075438 -0.00073848690544162099 -0.0015008255461841536 -0.0037893590599397189 -0.013000254729242534 -0.001647620783717423 -0.0048427901095016452
leaf_weight=33972 4168 23567 1538 110 1088 465 7664 1504 469 1413 11960 6765 1471 16230 4256
leaf_count=33972 4168 23567 1538 110 1088 465 7664 1504 469 1413 11960 6765 1471 16230 4256
internal_value=0 -0.00979503 -0.00678219 0.00390776 -0.000189823 0.000410499 0.00681756 -0.00105762 -0.00608422 0.00167906 -0.011222 -0.0093725 -0.0117937 -0.00764585 -0.0124667
internal_weight=0 68594 22046 1648 48046 43605 8129 35476 4441 1882 46548 18725 2559 20398 27823
internal_count=116640 68594 22046 1648 48046 43605 8129 35476 4441 1882 46548 18725 2559 20398 27823
is_linear=0
shrinkage=0.2


Tree=5
num_leaves=15
num_cat=0
split_feature=0 0 0 6 6 0 0 0 6 0 6 0 0 0
split_gain=4528.61 166.567 56.4363 25.8241 21.5495 14.4109 32.0445 4.76659 7.58775 3.78948 18.3665 2.27144 0.108875 4.54747e-13
threshold=1.3243515916863202 1.9587291645716838 1.0276456775054872 1.0006019776113793 -0.99859737239084911 1.2287907021000297 1.173889262624644 0.73586695968175253 1.0005475063525859 2.0303847333206066 1.0006019781398947 1.7627842724524549 0.55330733699080537 2.0687137826520052
decision_type=2 2 2 2 2 2 2 2 2 2 2 2 2 2
left_child=2 3 7 4 -2 6 -4 12 -9 10 -3 -5 -1 -11
right_child=1 9 5 11 -6 -7 -8 8 -10 13 -12 -13 -14 -15
leaf_value=-0.01763280146524154 0.0017335117808071579 0.0028975685831763719 0.00055809290411463206 0.00067566105298510484 0.0019464021189182935 -0.0020784465869371606 0.0032937742352500939 -0.0010333575923031941 0.00070721261490978469 0.0024933635787744981 -0.00020067386552381495 -0.00040448178484978059 -0.0017428434949975315 0.0041403685503602827
leaf_weight=97527 2322 1282 1377 126 1373 453 461 1178 637 1340 86 290 448 7740
leaf_count=97527 2322 1282 1377 126 1373 453 461 1178 637 1340 86 290 448 7740
internal_value=0 0.08 -0.019085 0.0397422 0.0450609 0.0119511 0.0198259 -0.0197976 -0.00964188 0.08 0.0694737 -0.0075 -0.0199857 0.08
internal_weight=0 14559 102081 4111 3695 2291 1838 99790 1815 10448 1368 416 97975 9080
internal_count=116640 14559 102081 4111 3695 2291 1838 99790 1815 10448 1368 416 97975 9080
is_linear=0
shrinkage=0.2


Tree=6
num_leaves=16
num_cat=0
split_feature=4 4 8 4 8 4 8 8 8 4 8 8 4 8 4
split_gain=44.483 7.04791 6.43444 7.20292 6.89437 11.1601 6.10223 5.9853 6.8219 3.33972 2.71983 13.1111 1.85184 1.1944 0.878854
threshold=-0.36320906137249009 0.63326990457324162 -0.10785184316978666 -0.99015809562416079 -0.06609139236714659 -0.65194203801892692 -0.31917647121115578 -1.5038509923724506 -1.1587128385569339 -0.89096363596409967 -0.29532326908015255 -0.21842539988525231 -0.72695899562479527 -0.77094281589037472 -0.17433460534454748
decision_type=2 2 2 2 2 2 2 2 2 2 2 2 2 2 2
left_child=2 7 3 6 5 -4 -1 14 -9 -6 13 -12 -5 -3 -2
right_child=1 10 4 12 9 -7 -8 8 -10 -11 11 -13 -14 -15 -16
leaf_value=-3.6728026537774519e-05 0.00054815745699426759 -0.0047372677489859799 0.001600991949235553 -0.0013295338966718686 0.00095323405296614976 -0.013308750264367692 -0.0027446762460313747 -0.0042622055088569121 -0.0015924303640787469 -0.00017623974227745122 0.0021009175709473141 -0.0035359899055448642 -0.00077476852629013984 -0.012160938828800935 -0.00029289868734621026
leaf_weight=16554 519 3015 405 6760 4155 191 762 3673 29328 10366 517 28640 7022 2909 1824
leaf_count=16554 519 3015 405 6760 4155 191 762 3673 29328 10366 517 28640 7022 2909 1824
internal_value=0 -0.0105062 -0.00252083 -0.00416619 0.000863923 0.0219463 -0.00145069 -0.00851291 -0.00920639 -1.38208e-06 -0.0125145 -0.0117207 -0.00757801 -0.0164213 0.0012548
internal_weight=0 70425 46215 31098 15117 596 17316 35344 33001 14521 35081 29157 13782 5924 2343
internal_count=116640 70425 46215 31098 15117 596 17316 35344 33001 14521 35081 29157 13782 5924 2343
is_linear=0
shrinkage=0.2


Tree=7
num_leaves=16
num_cat=0
split_feature=4 8 8 8 4 4 8 8 4 8 8 8 8 8 4
split_gain=18.622 2.68562 8.13477 5.19284 15.0068 3.00138 2.64525 6.92476 7.10383 4.44858 4.11874 4.66881 1.61187 0.771764 0.00689956
threshold=-0.22480680662577668 -1.1587128385569339 -1.5038509923724506 -0.99941941403197154 0.83293469298092304 0.65725867125043747 -0.10785184316978666 -0.097062918099176651 -0.99015809562416079 0.68126061444904062 -0.14342306028204865 -0.16142380500679321 1.151243893583852 -1.285531091852099 -1.0789591765466489
decision_type=2 2 2 2 2 2 2 2 2 2 2 2 2 2 2
left_child=6 2 5 4 -3 -2 10 8 -8 -9 11 -1 -5 -4 -12
right_child=1 3 13 12 -6 -7 7 9 -10 -11 14 -13 -14 -15 -16
leaf_value=-0.00046417924355300383 0.00019295780733455948 -0.00067678262723167015 -0.0081650553152356458 -0.0025394207225349743 0.00076527450641849517 -0.013242473444984358 -0.033410537967663738 0.00034563124628555504 0.0049391556421357237 -0.0006037011025322159 -0.0016336587607526142 0.00074730122233812308 -0.001435098031474145 -0.0035231083424970781 -0.0058492040516540554
leaf_weight=32604 2100 1954 2522 39432 232 343 58 8673 128 8795 117 401 17169 1622 490
leaf_count=32604 2100 1954 2522 39432 232 343 58 8673 128 8795 117 401 17169 1622 490
internal_value=0 -0.00739561 -0.0112251 -0.00696651 0.00259835 -0.00207123 -0.00230407 -0.000321745 0.0380645 -0.000730483 -0.00334524 -0.003045 -0.00733592 -0.0166216 -0.0196705
internal_weight=0 65374 6587 58787 2186 2443 51266 17654 186 17468 33612 33005 56601 4144 607
internal_count=116640 65374 6587 58787 2186 2443 51266 17654 186 17468 33612 33005 56601 4144 607
is_linear=0
shrinkage=0.2


Tree=8
num_leaves=15
num_cat=0
split_feature=3 8 8 3 8 3 3 3 3 8 8 8 3 8
split_gain=11.9561 6.67107 13.504 8.52833 7.5155 5.49133 18.1921 4.85631 4.77103 4.75569 3.67206 7.76217 3.48409 2.84063
threshold=0.31965491067967239 0.90871099639559982 0.92793588109131275 0.31965491068158963 1.3755915908217615 -0.39887836941815474 1.0000000180025095e-35 -0.089025350729510885 0.27889582500119647 0.70798916872381723 -1.254553402418122 -1.262268458199145 -4.9061182209383238 -0.10785184316978666
decision_type=2 2 2 2 2 2 2 2 2 2 2 2 2 2
left_child=5 3 -3 13 -4 10 7 -7 -8 -5 11 -1 -12 -2
right_child=1 2 4 9 -6 6 8 -9 -10 -11 12 -13 -14 -15
leaf_value=-0.0017267875039947201 0.001050206104465784 0.0042245828542906427 0.0010431706772413959 -0.00014872173192191491 -0.0012626383625489387 0.0031279326787127752 -0.0027590585609822867 0.0012504969668811761 -0.00072470696101360852 -0.0029874579790093283 0.001402373580328198 0.0036489080905113824 -0.0028861376970978018 0.0018876689187638631
leaf_weight=1652 211 33 2499 13853 1943 915 6637 446 76647 1206 446 52 10013 87
leaf_count=1652 211 33 2499 13853 1943 915 6637 446 76647 1206 446 52 10013 87
internal_value=0 0.000824925 0.00762011 -0.00115518 0.00651958 -0.00456533 -0.00399433 0.0189419 -0.00436915 -0.00181819 -0.00853902 7.04178e-05 -0.00994168 0.032349
internal_weight=0 19832 4475 15357 4442 96808 84645 1361 83284 15059 12163 1704 10459 298
internal_count=116640 19832 4475 15357 4442 96808 84645 1361 83284 15059 12163 1704 10459 298
is_linear=0
shrinkage=0.2


Tree=9
num_leaves=13
num_cat=0
split_feature=2 2 2 7 2 2 2 7 2 7 2 7
split_gain=11.459 9.78301 6.29619 7.25805 3.93199 7.88323 3.81619 3.02451 2.16187 3.22183 2.21228 0.00545081
threshold=-0.84644635335573926 -0.656319785678671 -0.73372287242631851 -1.0414457272003801 0.12335423274679201 0.089444864541301031 0.17476505332851341 -0.084358707244702916 -0.92418912644746576 0.18272640681059096 -0.87400774303649797 0.56614164152882118
decision_type=2 2 2 2 2 2 2 2 2 2 2 2
left_child=8 2 7 -4 5 -3 -6 -2 -1 10 -10 -11
right_child=1 4 3 -5 6 -7 -8 -9 9 11 -12 -13
leaf_value=-0.010777534562743139 -0.0005044827442585259 -0.00048737996226413813 0.00087682170850965379 0.00048622275552358778 -0.0032650052295995907 0.00083310688253775481 -0.0010726465750616526 0.00018273197462575586 0.00033463738586902438 -0.0019442445879364612 -0.0089803870949106534 -0.012146536405823059
leaf_weight=1405 2379 56435 230 4359 3224 2281 40760 3230 867 487 581 402
leaf_count=1405 2379 56435 230 4359 3224 2281 40760 3230 867 487 581 402
internal_value=0 -0.00255063 0.00335752 0.0088516 -0.0031373 -0.00206622 -0.00456712 -0.00113746 -0.0138001 -0.0100727 -0.00425415 -0.0195501
internal_weight=0 112898 10198 4589 102700 58716 43984 5609 3742 2337 1448 889
internal_count=116640 112898 10198 4589 102700 58716 43984 5609 3742 2337 1448 889
is_linear=0
shrinkage=0.2


Tree=10
num_leaves=16
num_cat=0
split_feature=5 6 5 5 5 6 5 6 5 6 6 5 5 5 6
split_gain=35.2578 21.8607 144.073 34.653 15.6589 13.0045 31.69 11.3814 9.19179 4.27554 2.88348 2.85201 1.06852 0.54851 0.00438599
threshold=0.037624810619969133 -0.99979488185823107 -0.001974913954737186 -0.12017552224459184 0.036609820686701162 1.0006019781398736 0.050143357685738153 1.0006019765509666 -0.03056044762438247 -0.99972943684205895 -0.99972577377315808 0.018742799525267109 0.055156244735442117 0.19526985570098612 1.0006019781399216
decision_type=2 2 2 2 2 2 2 2 2 2 2 2 2 2 2
left_child=1 2 3 -1 8 9 14 -6 -3 13 -11 -4 -8 -2 -7
right_child=5 4 11 -5 7 6 12 -9 -10 10 -12 -13 -14 -15 -16
leaf_value=-0.00015373691316123217 -0.010581139270086316 -0.0010322157674125267 -0.00100832100073813 0.0027614920110575927 0.0024299634154114902 0.00085685051467498388 9.7583922441180085e-05 0.0044572744057745891 -0.00025936661480357206 0.00073030057517623262 -0.0025318594431247656 -0.013453093346101647 -0.00099788219626907137 -0.0041362690234232813 0.0019646706243534916
leaf_weight=295 5407 12227 1955 1850 270 57 29 77 86902 53 4926 1616 248 679 49
leaf_count=295 5407 12227 1955 1850 270 57 29 77 86902 53 4926 1616 248 679 49
internal_value=0 -0.001202 0.0108257 0.0517949 -0.00189312 -0.0128896 0.023342 0.0405187 -0.00204159 -0.0141437 -0.00979715 -0.0137833 -0.0149459 -0.0176996 0.08
internal_weight=0 105192 5716 2145 99476 11448 383 347 99129 11065 4979 3571 277 6086 106
internal_count=116640 105192 5716 2145 99476 11448 383 347 99129 11065 4979 3571 277 6086 106
is_linear=0
shrinkage=0.2


Tree=11
num_leaves=15
num_cat=0
split_feature=3 3 6 6 3 6 6 6 3 6 6 6 6 6
split_gain=6.12052 10.8398 12.8596 6.17347 8.6239 5.24708 3.74027 3.05711 12.8205 3.24134 7.1834 2.70588 2.0379 0.668258
threshold=-1.2869543653278528 -1.2010175387930306 1.0005206912359708 -0.99979488185820686 0.31965491065183183 -0.99979488185819665 -0.99972943684205895 -0.99979488185771337 -3.7824296205448484 -0.99979151885567974 -0.9997650065900171 -0.99979488185805454 1.0006019778217718 -0.99979488166618768
decision_type=2 2 2 2 2 2 2 2 2 2 2 2 2 2
left_child=7 2 6 4 -3 -5 -2 8 11 13 -11 -1 -4 -9
right_child=1 3 12 5 -6 -7 -8 9 -10 10 -12 -13 -14 -15
leaf_value=0.0034617938906006951 0.0035880709427335458 -0.0014928785625721484 0.0025610638111932733 0.0011996127569146753 -0.00010335726948728917 -0.00034618588593526465 -0.01060488640931685 -0.00033925290946267288 -0.0020689733571442937 0.0021018592014437343 -0.0028360703318738439 0.0029332084254110494 0.0020282139109168789 -0.011400135378605094
leaf_weight=102 191 3854 117 417 4888 98113 130 109 192 661 6847 18 28 973
leaf_count=102 191 3854 117 417 4888 98113 130 109 192 661 6847 18 28 973
internal_value=0 -0.00193952 0.0284978 -0.00207175 -0.00716541 -0.00161982 0.00616822 -0.0073961 0.0120513 -0.00810245 -0.0066276 0.0633333 0.077931 -0.0183364
internal_weight=0 107738 466 107272 8742 98530 321 8902 312 8590 7508 120 145 1082
internal_count=116640 107738 466 107272 8742 98530 321 8902 312 8590 7508 120 145 1082
is_linear=0
shrinkage=0.2


Tree=12
num_leaves=15
num_cat=0
split_feature=6 9 6 9 6 6 9 6 9 6 9 9 9 9
split_gain=3.14291 17.8463 6.77816 9.34031 5.23411 5.27124 7.33044 6.10931 4.95581 17.1631 10.5527 3.90441 7.90751 1.14249
threshold=-0.99979488185820686 -0.96117424328815604 -0.99979488185823107 -0.91940477421555988 -0.9997948818579151 -0.99979488100476432 -1.5154422805587362 -0.99979487997449723 -1.4557182164015126 -0.99979488185799281 -1.4317923381301387 -1.3259328219121225 -1.2867832804823773 -1.5154422805587362
decision_type=2 2 2 2 2 2 2 2 2 2 2 2 2 2
left_child=1 11 3 -3 8 6 -6 -7 9 -2 -10 13 -13 -1
right_child=4 2 -4 -5 5 7 -8 -9 10 -11 -12 12 -14 -15
leaf_value=-0.00081277071976779136 -0.0093695158565794637 0.0025367493159185435 -0.012991829667626407 0.00058716592666381302 0.0024586138371085449 0.0010250745720320031 -0.0028819635659262004 -0.00036762693921861496 0.0027507090870431852 0.0021164639357089342 0.00070018007408921665 0.0019113921158589052 -0.00049422871149778819 -0.0012864843640879313
leaf_weight=577 811 326 334 2467 287 2841 4126 96526 111 26 2955 383 2485 2385
leaf_count=577 811 326 334 2467 287 2841 4126 96526 111 26 2955 383 2485 2385
internal_value=0 -0.00526293 0.00692676 0.0101468 -0.00136382 -0.00163423 -0.00839792 -0.00133385 0.00582628 -0.00781362 0.0095499 -0.011801 -0.00654115 -0.016894
internal_weight=0 8957 3127 2793 107683 103780 4413 99367 3903 837 3066 5830 2868 2962
internal_count=116640 8957 3127 2793 107683 103780 4413 99367 3903 837 3066 5830 2868 2962
is_linear=0
shrinkage=0.2


Tree=13
num_leaves=14
num_cat=0
split_feature=2 4 2 2 2 2 4 2 4 4 2 2 4
split_gain=10.765 9.12497 14.6714 8.99855 6.00436 7.16819 4.3553 4.02034 0.851679 4.3707 2.59048 0.495874 1.2168
threshold=-0.90603545896553916 0.35861303841404857 -0.090109358511647156 -0.1382418697742839 -0.78782634574958099 -0.60191217544676145 -0.42492357208605686 1.5166074831536103 -0.99015809562416079 -1.0511597965889845 -0.94710002382288205 -0.92418912644746576 0.53492805352699779
decision_type=2 2 2 2 2 2 2 2 2 2 2 2 2
left_child=8 4 3 -3 6 -6 -2 -4 9 -1 -11 -10 -13
right_child=1 2 7 -5 5 -7 -8 -9 11 10 -12 12 -14
leaf_value=-0.0086724901024699663 -0.001312139662137496 -0.00014235794347776978 -0.0027763396997991484 0.0022664197169942669 0.00030690938679803605 1.2586430806428977e-05 0.00044637580705704228 -0.0025405158595128798 -0.0081456712792435555 -0.0095428766387456558 0.0018256263052864375 -0.010983038859620433 0.00052185579635967709
leaf_weight=172 1627 21687 18378 1315 6891 60417 863 3599 1210 15.999999999999998 35 277 153
leaf_count=172 1627 21687 18378 1315 6891 60417 863 3599 1210 16 35 277 153
internal_value=0 -0.00102408 -0.00324552 0.000285188 0.000407457 0.000764243 -0.00923695 -0.0069409 -0.01635 -0.00475337 0.0466667 -0.0179268 -0.012093
internal_weight=0 114777 44979 23002 69798 67308 2490 21977 1863 223 51 1640 430
internal_count=116640 114777 44979 23002 69798 67308 2490 21977 1863 223 51 1640 430
is_linear=0
shrinkage=0.2


Tree=14
num_leaves=16
num_cat=0
split_feature=4 8 8 4 4 8 8 8 8 4 4 4 8 4 8
split_gain=6.66821 4.70934 9.08685 8.24713 5.52262 3.74202 3.93806 3.60709 9.74496 19.2099 5.19629 4.84369 3.97316 2.52092 2.4306
threshold=-0.24583987341124508 0.13560499038548327 0.19489669754981345 -0.91322539686906234 -0.49355642502407415 0.046981879661860841 -0.10785184316978666 0.90871099639559982 0.91948166818804167 0.85293052468275798 1.29312124342074 2.1557526483618945 0.8220737564085927 -0.89096363596409967 0.27162796400267869
decision_type=2 2 2 2 2 2 2 2 2 2 2 2 2 2 2
left_child=1 5 4 -4 -3 6 -1 10 9 -9 12 -10 -2 -7 -12
right_child=7 2 3 -5 -6 13 -8 8 11 -11 14 -13 -14 -15 -16
leaf_value=-6.5923102077872467e-05 -0.0007387224120313752 0.0021588825960675738 0.0013468465528338415 5.4689356692393115e-05 0.0016219347113168637 -0.0079021795530632658 0.00087342225413188318 0.0022682940552767594 -0.00026490008786804106 -0.0019720791736822173 -0.001834529487631892 0.001272502539182674 -0.011384375106194319 -0.0075624099634920786 -0.0028688182505758222
leaf_weight=33111 36737 444 2624 10532 123 529 2265 163 22572 136 1638 1031 1564 722 2449
leaf_count=33111 36737 444 2624 10532 123 529 2265 163 22572 136 1638 1031 1564 722 2449
internal_value=0 0.000726907 0.0038869 0.00281848 0.0286772 -0.000457045 -7.68931e-05 -0.00232615 -0.000361481 0.0355184 -0.003434 -0.000816003 -0.00271064 -0.011207 -0.0102129
internal_weight=0 50350 13723 13156 567 36627 35376 66290 23902 299 42388 23603 38301 1251 4087
internal_count=116640 50350 13723 13156 567 36627 35376 66290 23902 299 42388 23603 38301 1251 4087
is_linear=0
shrinkage=0.2


Tree=15
num_leaves=15
num_cat=0
split_feature=5 5 5 2 2 5 2 2 2 5 2 5 5 2
split_gain=26.2668 12.7533 22.0895 15.5152 13.7996 21.7192 11.0138 7.87589 9.68128 7.93333 6.05105 4.16963 0.652819 1.02407
threshold=0.033963128314380399 -0.059037276192519875 -0.03056044762438247 -0.077265425565323911 -0.11949264051983677 -0.06357467198421704 0.019986528087135077 -0.39109417159040094 -0.38589985165491675 0.04721322360416421 2.8274832916394881 -0.084270357231044882 0.037624810619969133 -0.54688138242299911
decision_type=2 2 2 2 2 2 2 2 2 2 2 2 2 2
left_child=1 4 6 -4 11 -6 -3 12 9 -9 -10 -1 13 -2
right_child=7 2 3 -5 5 -7 -8 8 10 -11 -12 -13 -14 -15
leaf_value=0.00028665527339377666 6.8251789327222759e-05 -0.0076273992054012576 0.00032003686117507011 -0.001018858309702711 0.00084743840476198147 0.0032578820042328698 -0.00031327768603243983 0.0019073174531623327 -0.0016391018216484769 -0.0026350890878762859 0.0008134132879533501 -0.0073840933165901859 -0.010042299174495195 -0.01076894326465372
leaf_weight=403 112 4148 50221 40646 2939 277 4584 28 9568 32 513 600 2411 158
leaf_count=403 112 4148 50221 40646 2939 277 4584 28 9568 32 513 600 2411 158
internal_value=0 0.000279716 -0.000176513 0.000746801 0.01105 0.0174378 -0.0097847 -0.00931524 -0.0067666 0.0733333 -0.00724333 -0.00943171 -0.0189556 -0.00962963
internal_weight=0 103818 99599 90867 4219 3216 8732 12822 10141 60 10081 1003 2681 270
internal_count=116640 103818 99599 90867 4219 3216 8732 12822 10141 60 10081 1003 2681 270
is_linear=0
shrinkage=0.2


end of trees

feature_importances:
sk_9=41
rsi_9=34
atr_9=30
sma_9=28
cci_9=27
sd_9=20
roc_9=16
adx_9=11
wr_9=4
ema_9=3

parameters:
[boosting: gbdt]
[objective: quantile]
[metric: quantile]
[tree_learner: serial]
[device_type: cpu]
[data: ]
[valid: ]
[num_iterations: 100]
[learning_rate: 0.2]
[num_leaves: 16]
[num_threads: 0]
[deterministic: 0]
[force_col_wise: 0]
[force_row_wise: 1]
[histogram_pool_size: -1]
[max_depth: 4]
[min_data_in_leaf: 10]
[min_sum_hessian_in_leaf: 0.001]
[bagging_fraction: 0.4]
[pos_bagging_fraction: 1]
[neg_bagging_fraction: 1]
[bagging_freq: 0]
[bagging_seed: 23235]
[feature_fraction: 0.2]
[feature_fraction_bynode: 0.8]
[feature_fraction_seed: 88]
[extra_trees: 0]
[extra_seed: 7327]
[early_stopping_round: 10]
[first_metric_only: 0]
[max_delta_step: 0.4]
[lambda_l1: 0]
[lambda_l2: 0]
[linear_lambda: 0]
[min_gain_to_split: 0]
[drop_rate: 0.1]
[max_drop: 50]
[skip_drop: 0.5]
[xgboost_dart_mode: 0]
[uniform_drop: 0]
[drop_seed: 20319]
[top_rate: 0.2]
[other_rate: 0.1]
[min_data_per_group: 100]
[max_cat_threshold: 32]
[cat_l2: 10]
[cat_smooth: 10]
[max_cat_to_onehot: 4]
[top_k: 20]
[monotone_constraints: ]
[monotone_constraints_method: basic]
[monotone_penalty: 0]
[feature_contri: ]
[forcedsplits_filename: ]
[refit_decay_rate: 0.9]
[cegb_tradeoff: 1]
[cegb_penalty_split: 0]
[cegb_penalty_feature_lazy: ]
[cegb_penalty_feature_coupled: ]
[path_smooth: 0]
[interaction_constraints: ]
[verbosity: 1]
[saved_feature_importance_type: 0]
[linear_tree: 0]
[max_bin: 255]
[max_bin_by_feature: ]
[min_data_in_bin: 3]
[bin_construct_sample_cnt: 200000]
[data_random_seed: 361]
[is_enable_sparse: 1]
[enable_bundle: 1]
[use_missing: 1]
[zero_as_missing: 0]
[feature_pre_filter: 1]
[pre_partition: 0]
[two_round: 0]
[header: 0]
[label_column: ]
[weight_column: ]
[group_column: ]
[ignore_column: ]
[categorical_feature: ]
[forcedbins_filename: ]
[precise_float_parser: 0]
[objective_seed: 14190]
[num_class: 1]
[is_unbalance: 0]
[scale_pos_weight: 1]
[sigmoid: 1]
[boost_from_average: 1]
[reg_sqrt: 0]
[alpha: 0.9]
[fair_c: 1]
[poisson_max_delta_step: 0.7]
[tweedie_variance_power: 1.5]
[lambdarank_truncation_level: 30]
[lambdarank_norm: 1]
[label_gain: ]
[eval_at: ]
[multi_error_top_k: 1]
[auc_mu_weights: ]
[num_machines: 1]
[local_listen_port: 12400]
[time_out: 120]
[machine_list_filename: ]
[machines: ]
[gpu_platform_id: -1]
[gpu_device_id: -1]
[gpu_use_dp: 0]
[num_gpu: 1]

end of parameters

pandas_categorical:[]
